500 1.000000 16 65535
1000 1.000000 16 65535
1500 1.000000 16 65535
2000 1.000000 16 65535
2500 1.000000 16 65535
3000 1.000000 16 65535
3500 1.000000 16 65535
4000 1.000000 16 65535
4500 1.000000 16 65535
5000 1.000000 16 65535
5500 1.000000 16 65535
6000 1.000000 16 65535
6500 1.000000 16 65535
7000 1.000000 16 65535
7500 1.000000 16 65535
8000 1.000000 16 65535
8500 1.000000 16 65535
9000 1.000000 16 65535
9500 1.000000 16 65535
10000 8.000000 16 65535
10500 8.000000 16 65535
11000 8.000000 16 65535
11500 8.000000 16 65535
12000 8.000000 16 65535
12500 8.000000 16 65535
13000 8.000000 16 65535
13500 8.000000 16 65535
14000 8.000000 16 65535
14500 8.000000 16 65535
15000 8.000000 16 65535
15500 8.000000 16 65535
16000 8.000000 16 65535
16500 8.000000 16 65535
17000 8.000000 16 65535
17500 8.000000 16 65535
18000 8.000000 16 65535
18500 8.000000 16 65535
19000 8.000000 16 65535
19500 8.000000 16 65535
20000 8.000000 16 65535
20500 8.000000 16 65535
21000 15.000000 16 65535
21500 15.000000 16 65535
22000 15.000000 16 65535
22500 15.000000 16 65535
23000 15.000000 16 65535
23500 15.000000 16 65535
24000 15.000000 16 65535
24500 15.000000 16 65535
25000 15.000000 16 65535
25500 15.000000 16 65535
26000 15.000000 16 65535
26500 15.000000 16 65535
27000 15.000000 16 65535
27500 15.000000 16 65535
28000 15.000000 16 65535
28500 15.000000 16 65535
29000 15.000000 16 65535
29500 15.000000 16 65535
30000 12.000000 8 65535
30500 12.000000 8 65535
31000 12.000000 8 65535
31500 12.000000 8 65535
32000 12.000000 8 65535
32500 12.000000 8 65535
33000 12.000000 8 65535
33500 12.000000 8 65535
34000 12.000000 8 65535
34500 12.000000 8 65535
35000 12.000000 8 65535
35500 12.000000 8 65535
36000 12.000000 8 65535
36500 12.000000 8 65535
37000 12.000000 8 65535
37500 12.000000 8 65535
38000 12.000000 8 65535
38500 12.000000 8 65535
39000 12.000000 8 65535
39500 12.000000 8 65535
40000 12.000000 8 65535
40500 12.000000 8 65535
41000 12.000000 8 65535
41500 12.000000 8 65535
42000 12.000000 8 65535
42500 12.000000 8 65535
43000 12.000000 8 65535
43500 12.000000 8 65535
44000 12.000000 8 65535
44500 12.000000 8 65535
45000 12.000000 8 65535
45500 12.000000 8 65535
46000 12.000000 8 65535
46500 12.000000 8 65535
47000 12.000000 8 65535
47500 12.000000 8 65535
48000 12.166092 8 65535
48500 12.166092 8 65535
49000 12.166092 8 65535
49500 12.166092 8 65535
50000 12.166092 8 65535
50500 12.166092 8 65535
51000 12.166092 8 65535
51500 12.166092 8 65535
52000 12.166092 8 65535
52500 12.166092 8 65535
53000 12.166092 8 65535
53500 12.166092 8 65535
54000 12.166092 8 65535
54500 12.166092 8 65535
55000 12.166092 8 65535
55500 12.166092 8 65535
56000 12.166092 8 65535
56500 12.166092 8 65535
57000 12.329931 8 65535
57500 12.329931 8 65535
58000 12.329931 8 65535
58500 12.329931 8 65535
59000 12.329931 8 65535
59500 12.329931 8 65535
60000 12.329931 8 65535
60500 12.329931 8 65535
61000 12.329931 8 65535
61500 12.329931 8 65535
62000 12.329931 8 65535
62500 12.329931 8 65535
63000 12.329931 8 65535
63500 12.329931 8 65535
64000 12.329931 8 65535
64500 12.329931 8 65535
65000 12.329931 8 65535
65500 12.329931 8 65535
66000 12.329931 8 65535
66500 12.329931 8 65535
67000 12.886873 8 65535
67500 12.886873 8 65535
68000 12.886873 8 65535
68500 12.886873 8 65535
69000 12.886873 8 65535
69500 12.886873 8 65535
70000 12.886873 8 65535
70500 12.886873 8 65535
71000 12.886873 8 65535
71500 12.886873 8 65535
72000 12.886873 8 65535
72500 12.886873 8 65535
73000 12.886873 8 65535
73500 12.886873 8 65535
74000 12.886873 8 65535
74500 12.886873 8 65535
75000 12.886873 8 65535
75500 12.886873 8 65535
76000 12.886873 8 65535
76500 12.886873 8 65535
77000 12.886873 8 65535
77500 13.345658 8 65535
78000 13.345658 8 65535
78500 13.345658 8 65535
79000 13.345658 8 65535
79500 13.345658 8 65535
80000 13.345658 8 65535
80500 13.345658 8 65535
81000 13.345658 8 65535
81500 13.345658 8 65535
82000 13.345658 8 65535
82500 13.345658 8 65535
83000 13.345658 8 65535
83500 13.345658 8 65535
84000 13.345658 8 65535
84500 13.345658 8 65535
85000 13.345658 8 65535
85500 13.345658 8 65535
86000 13.345658 8 65535
86500 13.345658 8 65535
87000 13.345658 8 65535
87500 13.345658 8 65535
88000 13.345658 8 65535
88500 13.345658 8 65535
89000 13.345658 8 65535
89500 13.345658 8 65535
90000 13.345658 8 65535
90500 13.345658 8 65535
91000 13.345658 8 65535
91500 13.345658 8 65535
92000 13.345658 8 65535
92500 13.345658 8 65535
93000 13.345658 8 65535
93500 13.345658 8 65535
94000 13.345658 8 65535
94500 13.345658 8 65535
95000 13.345658 8 65535
95500 13.345658 8 65535
96000 13.345658 8 65535
96500 13.345658 8 65535
97000 13.345658 8 65535
97500 13.345658 8 65535
98000 13.345658 8 65535
98500 13.345658 8 65535
99000 13.345658 8 65535
99500 13.345658 8 65535
100000 13.345658 8 65535
100500 13.345658 8 65535
101000 13.345658 8 65535
101500 13.345658 8 65535
102000 13.345658 8 65535
102500 13.345658 8 65535
103000 13.345658 8 65535
103500 13.345658 8 65535
104000 13.345658 8 65535
104500 13.345658 8 65535
105000 13.345658 8 65535
105500 13.345658 8 65535
106000 13.345658 8 65535
106500 13.345658 8 65535
107000 13.345658 8 65535
107500 13.345658 8 65535
108000 13.345658 8 65535
108500 13.345658 8 65535
109000 13.345658 8 65535
109500 13.345658 8 65535
110000 13.345658 8 65535
110500 13.345658 8 65535
111000 13.345658 8 65535
111500 13.345658 8 65535
112000 13.345658 8 65535
112500 13.345658 8 65535
113000 13.345658 8 65535
113500 13.345658 8 65535
114000 13.345658 8 65535
114500 13.345658 8 65535
115000 13.345658 8 65535
115500 13.345658 8 65535
116000 13.345658 8 65535
116500 13.345658 8 65535
117000 13.345658 8 65535
117500 13.345658 8 65535
118000 13.345658 8 65535
118500 13.345658 8 65535
119000 13.345658 8 65535
119500 13.345658 8 65535
120000 13.345658 8 65535
120500 13.345658 8 65535
121000 13.345658 8 65535
121500 13.345658 8 65535
122000 13.345658 8 65535
122500 13.345658 8 65535
123000 13.345658 8 65535
123500 13.345658 8 65535
124000 13.345658 8 65535
124500 13.345658 8 65535
125000 13.345658 8 65535
125500 13.345658 8 65535
126000 13.345658 8 65535
126500 13.345658 8 65535
127000 13.345658 8 65535
127500 13.345658 8 65535
128000 13.345658 8 65535
128500 13.345658 8 65535
129000 13.345658 8 65535
129500 13.345658 8 65535
130000 13.345658 8 65535
130500 13.345658 8 65535
131000 13.345658 8 65535
131500 13.345658 8 65535
132000 13.345658 8 65535
132500 13.345658 8 65535
133000 13.345658 8 65535
133500 13.345658 8 65535
134000 13.345658 8 65535
134500 13.345658 8 65535
135000 13.345658 8 65535
135500 13.345658 8 65535
136000 13.345658 8 65535
136500 13.345658 8 65535
137000 13.345658 8 65535
137500 13.345658 8 65535
138000 13.345658 8 65535
138500 13.345658 8 65535
139000 13.345658 8 65535
139500 13.345658 8 65535
140000 13.345658 8 65535
140500 13.345658 8 65535
141000 13.345658 8 65535
141500 13.345658 8 65535
142000 13.345658 8 65535
142500 13.345658 8 65535
143000 13.345658 8 65535
143500 13.345658 8 65535
144000 13.345658 8 65535
144500 13.345658 8 65535
145000 13.345658 8 65535
145500 13.345658 8 65535
146000 13.345658 8 65535
146500 13.345658 8 65535
147000 13.345658 8 65535
147500 13.345658 8 65535
148000 13.345658 8 65535
148500 13.345658 8 65535
149000 13.345658 8 65535
149500 13.345658 8 65535
150000 13.345658 8 65535
150500 13.345658 8 65535
151000 13.345658 8 65535
151500 13.345658 8 65535
152000 13.345658 8 65535
152500 13.345658 8 65535
153000 13.345658 8 65535
153500 13.345658 8 65535
154000 13.345658 8 65535
154500 13.345658 8 65535
155000 13.345658 8 65535
155500 13.345658 8 65535
156000 13.345658 8 65535
156500 13.345658 8 65535
157000 13.345658 8 65535
157500 13.345658 8 65535
158000 13.345658 8 65535
158500 1.000000 6 65535
159000 1.000000 6 65535
159500 1.000000 6 65535
160000 1.000000 6 65535
160500 1.000000 6 65535
161000 1.000000 6 65535
161500 1.000000 6 65535
162000 1.000000 6 65535
162500 1.000000 6 65535
163000 1.000000 6 65535
163500 1.000000 6 65535
164000 1.000000 6 65535
164500 1.000000 6 65535
165000 1.000000 6 65535
165500 1.000000 6 65535
166000 1.000000 6 65535
166500 1.000000 6 65535
167000 1.000000 6 65535
167500 1.000000 6 65535
168000 1.000000 6 65535
168500 2.000000 6 65535
169000 2.000000 6 65535
169500 2.000000 6 65535
170000 2.000000 6 65535
170500 2.000000 6 65535
171000 2.000000 6 65535
171500 2.000000 6 65535
172000 2.000000 6 65535
172500 2.000000 6 65535
173000 2.000000 6 65535
173500 2.000000 6 65535
174000 2.000000 6 65535
174500 2.000000 6 65535
175000 2.000000 6 65535
175500 2.000000 6 65535
176000 2.000000 6 65535
176500 2.000000 6 65535
177000 2.000000 6 65535
177500 2.000000 6 65535
178000 2.000000 6 65535
178500 2.000000 6 65535
179000 2.000000 6 65535
179500 6.486836 6 65535
180000 6.486836 6 65535
180500 6.486836 6 65535
181000 6.486836 6 65535
181500 6.486836 6 65535
182000 6.486836 6 65535
182500 6.486836 6 65535
183000 6.486836 6 65535
183500 6.486836 6 65535
184000 6.486836 6 65535
184500 6.486836 6 65535
185000 6.486836 6 65535
185500 6.486836 6 65535
186000 6.486836 6 65535
186500 6.486836 6 65535
187000 6.486836 6 65535
187500 6.486836 6 65535
188000 6.486836 6 65535
188500 6.486836 6 65535
189000 6.486836 6 65535
189500 7.498365 6 65535
190000 7.498365 6 65535
190500 7.498365 6 65535
191000 7.498365 6 65535
191500 7.498365 6 65535
192000 7.498365 6 65535
192500 7.498365 6 65535
193000 7.498365 6 65535
193500 7.498365 6 65535
194000 7.498365 6 65535
194500 7.498365 6 65535
195000 7.498365 6 65535
195500 7.498365 6 65535
196000 7.498365 6 65535
196500 7.498365 6 65535
197000 7.498365 6 65535
197500 7.498365 6 65535
198000 7.498365 6 65535
198500 7.498365 6 65535
199000 7.498365 6 65535
199500 7.498365 6 65535
200000 8.386796 6 65535
200500 8.386796 6 65535
201000 8.386796 6 65535
201500 8.386796 6 65535
202000 8.386796 6 65535
202500 8.386796 6 65535
203000 8.386796 6 65535
203500 8.386796 6 65535
204000 8.386796 6 65535
204500 8.386796 6 65535
205000 8.386796 6 65535
205500 8.386796 6 65535
206000 8.386796 6 65535
206500 8.386796 6 65535
207000 8.386796 6 65535
207500 8.386796 6 65535
208000 9.188593 6 65535
208500 9.188593 6 65535
209000 9.188593 6 65535
209500 9.188593 6 65535
210000 9.188593 6 65535
210500 9.188593 6 65535
211000 9.188593 6 65535
211500 9.188593 6 65535
212000 9.188593 6 65535
212500 9.188593 6 65535
213000 9.188593 6 65535
213500 9.188593 6 65535
214000 9.188593 6 65535
214500 9.188593 6 65535
215000 9.188593 6 65535
215500 9.188593 6 65535
216000 9.188593 6 65535
216500 9.188593 6 65535
217000 9.188593 6 65535
217500 9.925108 6 65535
218000 9.925108 6 65535
218500 9.925108 6 65535
219000 9.925108 6 65535
219500 9.925108 6 65535
220000 9.925108 6 65535
220500 9.925108 6 65535
221000 9.925108 6 65535
221500 9.925108 6 65535
222000 9.925108 6 65535
222500 9.925108 6 65535
223000 9.925108 6 65535
223500 9.925108 6 65535
224000 9.925108 6 65535
224500 9.925108 6 65535
225000 9.925108 6 65535
225500 9.925108 6 65535
226000 9.925108 6 65535
226500 10.610129 6 65535
227000 10.610129 6 65535
227500 10.610129 6 65535
228000 10.610129 6 65535
228500 10.610129 6 65535
229000 10.610129 6 65535
229500 10.610129 6 65535
230000 10.610129 6 65535
230500 10.610129 6 65535
231000 10.610129 6 65535
231500 10.610129 6 65535
232000 10.610129 6 65535
232500 10.610129 6 65535
233000 10.610129 6 65535
233500 10.610129 6 65535
234000 10.610129 6 65535
234500 10.610129 6 65535
235000 10.610129 6 65535
235500 11.253174 6 65535
236000 11.253174 6 65535
236500 11.253174 6 65535
237000 11.253174 6 65535
237500 11.253174 6 65535
238000 11.253174 6 65535
238500 11.253174 6 65535
239000 11.253174 6 65535
239500 11.253174 6 65535
240000 11.253174 6 65535
240500 11.253174 6 65535
241000 11.253174 6 65535
241500 11.253174 6 65535
242000 11.253174 6 65535
242500 11.253174 6 65535
243000 11.253174 6 65535
243500 11.253174 6 65535
244000 11.861142 6 65535
244500 11.861142 6 65535
245000 11.861142 6 65535
245500 11.861142 6 65535
246000 11.861142 6 65535
246500 11.861142 6 65535
247000 11.861142 6 65535
247500 11.861142 6 65535
248000 11.861142 6 65535
248500 11.861142 6 65535
249000 11.861142 6 65535
249500 11.861142 6 65535
250000 11.861142 6 65535
250500 11.861142 6 65535
251000 11.861142 6 65535
251500 11.861142 6 65535
252000 11.861142 6 65535
252500 11.861142 6 65535
253000 11.861142 6 65535
253500 12.439229 6 65535
254000 12.439229 6 65535
254500 12.439229 6 65535
255000 12.439229 6 65535
255500 12.439229 6 65535
256000 12.439229 6 65535
256500 12.439229 6 65535
257000 12.439229 6 65535
257500 12.439229 6 65535
258000 12.439229 6 65535
258500 12.439229 6 65535
259000 12.439229 6 65535
259500 12.439229 6 65535
260000 12.439229 6 65535
260500 12.439229 6 65535
261000 12.439229 6 65535
261500 12.439229 6 65535
262000 12.439229 6 65535
262500 12.439229 6 65535
263000 12.439229 6 65535
263500 12.439229 6 65535
264000 12.914023 6 65535
264500 12.914023 6 65535
265000 12.914023 6 65535
265500 12.914023 6 65535
266000 12.914023 6 65535
266500 12.914023 6 65535
267000 12.914023 6 65535
267500 12.914023 6 65535
268000 12.914023 6 65535
268500 12.914023 6 65535
269000 12.914023 6 65535
269500 12.914023 6 65535
270000 12.914023 6 65535
270500 12.914023 6 65535
271000 12.914023 6 65535
271500 12.914023 6 65535
272000 12.914023 6 65535
272500 12.914023 6 65535
273000 12.914023 6 65535
273500 12.914023 6 65535
274000 12.914023 6 65535
274500 12.914023 6 65535
275000 12.914023 6 65535
275500 13.371871 6 65535
276000 13.371871 6 65535
276500 13.371871 6 65535
277000 13.371871 6 65535
277500 13.371871 6 65535
278000 13.371871 6 65535
278500 13.371871 6 65535
279000 13.371871 6 65535
279500 13.371871 6 65535
280000 13.371871 6 65535
280500 13.371871 6 65535
281000 13.371871 6 65535
281500 13.371871 6 65535
282000 13.371871 6 65535
282500 13.371871 6 65535
283000 13.371871 6 65535
283500 13.371871 6 65535
284000 13.371871 6 65535
284500 13.371871 6 65535
285000 13.371871 6 65535
285500 13.371871 6 65535
286000 13.371871 6 65535
286500 13.371871 6 65535
287000 13.371871 6 65535
287500 13.371871 6 65535
288000 13.371871 6 65535
288500 13.371871 6 65535
289000 13.371871 6 65535
289500 13.371871 6 65535
290000 13.371871 6 65535
290500 13.371871 6 65535
291000 13.371871 6 65535
291500 13.371871 6 65535
292000 13.371871 6 65535
292500 13.371871 6 65535
293000 13.371871 6 65535
293500 13.371871 6 65535
294000 13.371871 6 65535
294500 13.371871 6 65535
295000 13.371871 6 65535
295500 13.371871 6 65535
296000 13.371871 6 65535
296500 13.371871 6 65535
297000 13.371871 6 65535
297500 13.371871 6 65535
298000 13.371871 6 65535
298500 13.371871 6 65535
299000 13.371871 6 65535
299500 13.371871 6 65535
300000 13.371871 6 65535
300500 13.371871 6 65535
301000 13.371871 6 65535
301500 13.371871 6 65535
302000 13.371871 6 65535
302500 13.371871 6 65535
303000 13.371871 6 65535
303500 13.371871 6 65535
304000 13.371871 6 65535
304500 13.371871 6 65535
305000 13.371871 6 65535
305500 13.371871 6 65535
306000 13.371871 6 65535
306500 13.371871 6 65535
307000 13.371871 6 65535
307500 13.371871 6 65535
308000 13.371871 6 65535
308500 13.371871 6 65535
309000 13.371871 6 65535
309500 13.371871 6 65535
310000 13.371871 6 65535
310500 13.371871 6 65535
311000 13.371871 6 65535
311500 13.371871 6 65535
312000 13.371871 6 65535
312500 13.371871 6 65535
313000 13.371871 6 65535
313500 13.371871 6 65535
314000 13.371871 6 65535
314500 13.371871 6 65535
315000 13.371871 6 65535
315500 13.371871 6 65535
316000 13.371871 6 65535
316500 13.371871 6 65535
317000 13.371871 6 65535
317500 13.371871 6 65535
318000 13.371871 6 65535
318500 13.371871 6 65535
319000 13.371871 6 65535
319500 13.371871 6 65535
320000 13.371871 6 65535
320500 13.371871 6 65535
321000 13.371871 6 65535
321500 13.371871 6 65535
322000 13.371871 6 65535
322500 13.371871 6 65535
323000 13.371871 6 65535
323500 13.371871 6 65535
324000 13.371871 6 65535
324500 13.371871 6 65535
325000 13.371871 6 65535
325500 13.371871 6 65535
326000 13.371871 6 65535
326500 13.371871 6 65535
327000 13.371871 6 65535
327500 13.371871 6 65535
328000 13.371871 6 65535
328500 13.371871 6 65535
329000 13.371871 6 65535
329500 13.371871 6 65535
330000 13.371871 6 65535
330500 13.371871 6 65535
331000 13.371871 6 65535
331500 13.371871 6 65535
332000 13.371871 6 65535
332500 13.371871 6 65535
333000 13.371871 6 65535
333500 13.371871 6 65535
334000 13.371871 6 65535
334500 13.371871 6 65535
335000 13.371871 6 65535
335500 13.371871 6 65535
336000 13.371871 6 65535
336500 13.371871 6 65535
337000 13.371871 6 65535
337500 13.371871 6 65535
338000 13.371871 6 65535
338500 13.371871 6 65535
339000 13.371871 6 65535
339500 13.371871 6 65535
340000 13.371871 6 65535
340500 13.371871 6 65535
341000 13.371871 6 65535
341500 13.371871 6 65535
342000 13.371871 6 65535
342500 13.371871 6 65535
343000 13.371871 6 65535
343500 13.371871 6 65535
344000 13.371871 6 65535
344500 13.371871 6 65535
345000 13.371871 6 65535
345500 13.371871 6 65535
346000 13.371871 6 65535
346500 13.371871 6 65535
347000 13.371871 6 65535
347500 13.371871 6 65535
348000 13.371871 6 65535
348500 13.371871 6 65535
349000 13.371871 6 65535
349500 13.371871 6 65535
350000 13.371871 6 65535
350500 13.371871 6 65535
351000 13.371871 6 65535
351500 13.371871 6 65535
352000 13.371871 6 65535
352500 13.371871 6 65535
353000 13.371871 6 65535
353500 13.371871 6 65535
354000 13.371871 6 65535
354500 13.371871 6 65535
355000 13.371871 6 65535
355500 13.371871 6 65535
356000 1.000000 6 65535
356500 1.000000 6 65535
357000 1.000000 6 65535
357500 1.000000 6 65535
358000 1.000000 6 65535
358500 1.000000 6 65535
359000 2.000000 6 65535
359500 2.000000 6 65535
360000 2.000000 6 65535
360500 2.000000 6 65535
361000 2.000000 6 65535
361500 2.000000 6 65535
362000 2.000000 6 65535
362500 2.000000 6 65535
363000 2.000000 6 65535
363500 2.000000 6 65535
364000 2.000000 6 65535
364500 2.000000 6 65535
365000 2.000000 6 65535
365500 2.000000 6 65535
366000 2.000000 6 65535
366500 2.000000 6 65535
367000 2.000000 6 65535
367500 2.000000 6 65535
368000 2.000000 6 65535
368500 6.486836 6 65535
369000 6.486836 6 65535
369500 6.486836 6 65535
370000 6.486836 6 65535
370500 6.486836 6 65535
371000 6.486836 6 65535
371500 6.486836 6 65535
372000 6.486836 6 65535
372500 6.486836 6 65535
373000 6.486836 6 65535
373500 6.486836 6 65535
374000 6.486836 6 65535
374500 6.486836 6 65535
375000 6.486836 6 65535
375500 6.486836 6 65535
376000 6.486836 6 65535
376500 6.486836 6 65535
377000 7.498365 6 65535
377500 7.498365 6 65535
378000 7.498365 6 65535
378500 7.498365 6 65535
379000 7.498365 6 65535
379500 7.498365 6 65535
380000 7.498365 6 65535
380500 7.498365 6 65535
381000 7.498365 6 65535
381500 7.498365 6 65535
382000 7.498365 6 65535
382500 7.498365 6 65535
383000 7.498365 6 65535
383500 7.498365 6 65535
384000 7.498365 6 65535
384500 7.498365 6 65535
385000 7.498365 6 65535
385500 7.498365 6 65535
386000 7.498365 6 65535
386500 7.498365 6 65535
387000 7.498365 6 65535
387500 7.498365 6 65535
388000 7.498365 6 65535
388500 7.498365 6 65535
389000 7.498365 6 65535
389500 7.498365 6 65535
390000 8.265816 6 65535
390500 8.265816 6 65535
391000 8.265816 6 65535
391500 8.265816 6 65535
392000 8.265816 6 65535
392500 8.265816 6 65535
393000 8.265816 6 65535
393500 8.265816 6 65535
394000 8.265816 6 65535
394500 8.265816 6 65535
395000 8.265816 6 65535
395500 8.265816 6 65535
396000 8.265816 6 65535
396500 8.265816 6 65535
397000 9.078442 6 65535
397500 9.078442 6 65535
398000 9.078442 6 65535
398500 9.078442 6 65535
399000 9.078442 6 65535
399500 9.078442 6 65535
400000 9.078442 6 65535
400500 9.078442 6 65535
401000 9.078442 6 65535
401500 9.078442 6 65535
402000 9.078442 6 65535
402500 9.078442 6 65535
403000 9.078442 6 65535
403500 9.078442 6 65535
404000 9.078442 6 65535
404500 9.078442 6 65535
405000 9.078442 6 65535
405500 9.078442 6 65535
406000 9.078442 6 65535
406500 9.078442 6 65535
407000 9.078442 6 65535
407500 9.078442 6 65535
408000 9.823309 6 65535
408500 9.823309 6 65535
409000 9.823309 6 65535
409500 9.823309 6 65535
410000 9.823309 6 65535
410500 9.823309 6 65535
411000 9.823309 6 65535
411500 9.823309 6 65535
412000 9.823309 6 65535
412500 9.823309 6 65535
413000 9.823309 6 65535
413500 9.823309 6 65535
414000 9.823309 6 65535
414500 9.823309 6 65535
415000 9.823309 6 65535
415500 9.823309 6 65535
416000 9.823309 6 65535
416500 9.823309 6 65535
417000 9.823309 6 65535
417500 9.823309 6 65535
418000 9.000000 5 65535
418500 9.000000 5 65535
419000 9.000000 5 65535
419500 9.000000 5 65535
420000 9.000000 5 65535
420500 9.000000 5 65535
421000 9.000000 5 65535
421500 9.000000 5 65535
422000 9.000000 5 65535
422500 9.000000 5 65535
423000 9.000000 5 65535
423500 9.000000 5 65535
424000 9.000000 5 65535
424500 9.000000 5 65535
425000 9.000000 5 65535
425500 9.000000 5 65535
426000 9.000000 5 65535
426500 9.000000 5 65535
427000 9.000000 5 65535
427500 9.000000 5 65535
428000 9.000000 5 65535
428500 9.000000 5 65535
429000 9.000000 5 65535
429500 9.000000 5 65535
430000 9.000000 5 65535
430500 9.000000 5 65535
431000 9.000000 5 65535
431500 9.000000 5 65535
432000 9.000000 5 65535
432500 9.000000 5 65535
433000 9.000000 5 65535
433500 9.000000 5 65535
434000 9.000000 5 65535
434500 9.000000 5 65535
435000 9.000000 5 65535
435500 9.000000 5 65535
436000 9.000000 5 65535
436500 9.000000 5 65535
437000 9.000000 5 65535
437500 9.000000 5 65535
438000 9.000000 5 65535
438500 9.000000 5 65535
439000 9.000000 5 65535
439500 9.647272 5 65535
440000 9.647272 5 65535
440500 9.647272 5 65535
441000 9.647272 5 65535
441500 9.647272 5 65535
442000 9.647272 5 65535
442500 9.647272 5 65535
443000 9.647272 5 65535
443500 9.647272 5 65535
444000 9.647272 5 65535
444500 9.647272 5 65535
445000 9.647272 5 65535
445500 9.647272 5 65535
446000 9.647272 5 65535
446500 9.647272 5 65535
447000 9.647272 5 65535
447500 9.647272 5 65535
448000 9.647272 5 65535
448500 9.647272 5 65535
449000 9.647272 5 65535
449500 9.647272 5 65535
450000 9.647272 5 65535
450500 9.647272 5 65535
451000 9.647272 5 65535
451500 9.647272 5 65535
452000 9.647272 5 65535
452500 9.647272 5 65535
453000 9.647272 5 65535
453500 9.647272 5 65535
454000 9.647272 5 65535
454500 9.647272 5 65535
455000 9.647272 5 65535
455500 9.647272 5 65535
456000 9.647272 5 65535
456500 9.647272 5 65535
457000 9.647272 5 65535
457500 9.647272 5 65535
458000 9.647272 5 65535
458500 9.647272 5 65535
459000 9.647272 5 65535
459500 9.647272 5 65535
460000 9.647272 5 65535
460500 9.647272 5 65535
461000 9.647272 5 65535
461500 9.647272 5 65535
462000 9.647272 5 65535
462500 9.647272 5 65535
463000 9.647272 5 65535
463500 9.647272 5 65535
464000 9.647272 5 65535
464500 9.647272 5 65535
465000 9.647272 5 65535
465500 9.647272 5 65535
466000 9.647272 5 65535
466500 9.647272 5 65535
467000 9.647272 5 65535
467500 9.647272 5 65535
468000 9.647272 5 65535
468500 9.647272 5 65535
469000 9.647272 5 65535
469500 9.647272 5 65535
470000 9.647272 5 65535
470500 9.647272 5 65535
471000 9.647272 5 65535
471500 9.647272 5 65535
472000 9.647272 5 65535
472500 9.647272 5 65535
473000 9.647272 5 65535
473500 9.647272 5 65535
474000 9.647272 5 65535
474500 9.647272 5 65535
475000 9.647272 5 65535
475500 9.647272 5 65535
476000 9.647272 5 65535
476500 9.647272 5 65535
477000 9.647272 5 65535
477500 9.647272 5 65535
478000 9.647272 5 65535
478500 9.647272 5 65535
479000 9.647272 5 65535
479500 9.647272 5 65535
480000 9.647272 5 65535
480500 9.647272 5 65535
481000 9.647272 5 65535
481500 9.647272 5 65535
482000 9.647272 5 65535
482500 9.647272 5 65535
483000 9.647272 5 65535
483500 9.647272 5 65535
484000 9.647272 5 65535
484500 9.647272 5 65535
485000 9.647272 5 65535
485500 9.647272 5 65535
486000 9.647272 5 65535
486500 9.647272 5 65535
487000 9.647272 5 65535
487500 9.647272 5 65535
488000 9.647272 5 65535
488500 9.647272 5 65535
489000 9.647272 5 65535
489500 9.647272 5 65535
490000 9.647272 5 65535
490500 9.647272 5 65535
491000 9.647272 5 65535
491500 9.647272 5 65535
492000 9.647272 5 65535
492500 9.647272 5 65535
493000 9.647272 5 65535
493500 9.647272 5 65535
494000 9.647272 5 65535
494500 9.647272 5 65535
495000 9.647272 5 65535
495500 9.647272 5 65535
496000 9.647272 5 65535
496500 9.647272 5 65535
497000 9.647272 5 65535
497500 9.647272 5 65535
498000 9.647272 5 65535
498500 9.647272 5 65535
499000 9.647272 5 65535
499500 9.647272 5 65535
500000 9.647272 5 65535
500500 9.647272 5 65535
501000 9.647272 5 65535
501500 9.647272 5 65535
502000 9.647272 5 65535
502500 9.647272 5 65535
503000 9.647272 5 65535
503500 9.647272 5 65535
504000 9.647272 5 65535
504500 9.647272 5 65535
505000 9.647272 5 65535
505500 9.647272 5 65535
506000 9.647272 5 65535
506500 9.647272 5 65535
507000 9.647272 5 65535
507500 9.647272 5 65535
508000 9.647272 5 65535
508500 9.647272 5 65535
509000 9.647272 5 65535
509500 9.647272 5 65535
510000 9.647272 5 65535
510500 9.647272 5 65535
511000 9.647272 5 65535
511500 9.647272 5 65535
512000 9.647272 5 65535
512500 9.647272 5 65535
513000 9.647272 5 65535
513500 9.647272 5 65535
514000 9.647272 5 65535
514500 9.647272 5 65535
515000 9.647272 5 65535
515500 9.647272 5 65535
516000 9.647272 5 65535
516500 9.647272 5 65535
517000 9.647272 5 65535
517500 9.647272 5 65535
518000 9.647272 5 65535
518500 1.000000 4 65535
519000 1.000000 4 65535
519500 1.000000 4 65535
520000 1.000000 4 65535
520500 1.000000 4 65535
521000 1.000000 4 65535
521500 1.000000 4 65535
522000 1.000000 4 65535
522500 1.000000 4 65535
523000 1.000000 4 65535
523500 1.000000 4 65535
524000 1.000000 4 65535
524500 1.000000 4 65535
525000 1.000000 4 65535
525500 1.000000 4 65535
526000 1.000000 4 65535
526500 1.000000 4 65535
527000 1.000000 4 65535
527500 2.000000 4 65535
528000 2.000000 4 65535
528500 2.000000 4 65535
529000 2.000000 4 65535
529500 2.000000 4 65535
530000 2.000000 4 65535
530500 2.000000 4 65535
531000 2.000000 4 65535
531500 2.000000 4 65535
532000 2.000000 4 65535
532500 2.000000 4 65535
533000 2.000000 4 65535
533500 2.000000 4 65535
534000 2.000000 4 65535
534500 2.000000 4 65535
535000 2.000000 4 65535
535500 2.000000 4 65535
536000 2.000000 4 65535
536500 5.123864 4 65535
537000 5.123864 4 65535
537500 5.123864 4 65535
538000 5.123864 4 65535
538500 5.123864 4 65535
539000 5.123864 4 65535
539500 5.123864 4 65535
540000 5.123864 4 65535
540500 5.123864 4 65535
541000 5.123864 4 65535
541500 5.123864 4 65535
542000 5.123864 4 65535
542500 5.123864 4 65535
543000 5.123864 4 65535
543500 5.123864 4 65535
544000 6.361905 4 65535
544500 6.361905 4 65535
545000 6.361905 4 65535
545500 6.361905 4 65535
546000 6.361905 4 65535
546500 6.361905 4 65535
547000 6.361905 4 65535
547500 6.361905 4 65535
548000 6.361905 4 65535
548500 6.361905 4 65535
549000 6.361905 4 65535
549500 6.361905 4 65535
550000 6.361905 4 65535
550500 6.361905 4 65535
551000 6.361905 4 65535
551500 6.361905 4 65535
552000 6.361905 4 65535
552500 6.361905 4 65535
553000 6.361905 4 65535
553500 6.361905 4 65535
554000 6.361905 4 65535
554500 6.361905 4 65535
555000 7.390898 4 65535
555500 7.390898 4 65535
556000 7.390898 4 65535
556500 7.390898 4 65535
557000 7.390898 4 65535
557500 7.390898 4 65535
558000 7.390898 4 65535
558500 7.390898 4 65535
559000 7.390898 4 65535
559500 7.390898 4 65535
560000 7.390898 4 65535
560500 7.390898 4 65535
561000 7.390898 4 65535
561500 7.390898 4 65535
562000 7.390898 4 65535
562500 8.000000 3 65535
563000 8.000000 3 65535
563500 8.000000 3 65535
564000 8.000000 3 65535
564500 8.000000 3 65535
565000 8.000000 3 65535
565500 8.000000 3 65535
566000 8.000000 3 65535
566500 8.000000 3 65535
567000 8.000000 3 65535
567500 8.000000 3 65535
568000 8.000000 3 65535
568500 8.000000 3 65535
569000 8.000000 3 65535
569500 8.000000 3 65535
570000 8.000000 3 65535
570500 8.000000 3 65535
571000 8.000000 3 65535
571500 8.000000 3 65535
572000 8.000000 3 65535
572500 8.000000 3 65535
573000 8.000000 3 65535
573500 8.000000 3 65535
574000 8.000000 3 65535
574500 8.000000 3 65535
575000 8.000000 3 65535
575500 8.000000 3 65535
576000 8.000000 3 65535
576500 8.000000 3 65535
577000 8.000000 3 65535
577500 8.000000 3 65535
578000 8.000000 3 65535
578500 8.000000 3 65535
579000 8.000000 3 65535
579500 8.000000 3 65535
580000 8.000000 3 65535
580500 8.000000 3 65535
581000 8.000000 3 65535
581500 8.000000 3 65535
582000 8.000000 3 65535
582500 8.606605 3 65535
583000 8.606605 3 65535
583500 8.606605 3 65535
584000 8.606605 3 65535
584500 8.606605 3 65535
585000 8.606605 3 65535
585500 8.606605 3 65535
586000 8.606605 3 65535
586500 8.606605 3 65535
587000 8.606605 3 65535
587500 8.606605 3 65535
588000 8.606605 3 65535
588500 8.606605 3 65535
589000 8.606605 3 65535
589500 8.606605 3 65535
590000 8.606605 3 65535
590500 8.606605 3 65535
591000 8.606605 3 65535
591500 8.606605 3 65535
592000 8.837437 3 65535
592500 8.837437 3 65535
593000 8.837437 3 65535
593500 8.837437 3 65535
594000 8.837437 3 65535
594500 8.837437 3 65535
595000 8.837437 3 65535
595500 8.837437 3 65535
596000 8.837437 3 65535
596500 8.837437 3 65535
597000 8.837437 3 65535
597500 8.837437 3 65535
598000 8.837437 3 65535
598500 8.837437 3 65535
599000 8.837437 3 65535
599500 8.837437 3 65535
600000 8.837437 3 65535
600500 8.837437 3 65535
601000 8.837437 3 65535
601500 8.837437 3 65535
602000 8.837437 3 65535
602500 8.837437 3 65535
603000 9.062317 3 65535
603500 9.062317 3 65535
604000 9.062317 3 65535
604500 9.062317 3 65535
605000 9.062317 3 65535
605500 9.062317 3 65535
606000 9.062317 3 65535
606500 9.062317 3 65535
607000 9.062317 3 65535
607500 9.062317 3 65535
608000 9.062317 3 65535
608500 9.062317 3 65535
609000 9.062317 3 65535
609500 9.062317 3 65535
610000 9.062317 3 65535
610500 9.062317 3 65535
611000 9.062317 3 65535
611500 9.281683 3 65535
612000 9.281683 3 65535
612500 9.281683 3 65535
613000 9.281683 3 65535
613500 9.281683 3 65535
614000 9.281683 3 65535
614500 9.281683 3 65535
615000 9.281683 3 65535
615500 9.281683 3 65535
616000 9.281683 3 65535
616500 9.281683 3 65535
617000 9.281683 3 65535
617500 9.281683 3 65535
618000 9.281683 3 65535
618500 9.281683 3 65535
619000 9.281683 3 65535
619500 9.281683 3 65535
620000 9.281683 3 65535
620500 9.281683 3 65535
621000 9.281683 3 65535
621500 9.281683 3 65535
622000 9.281683 3 65535
622500 9.281683 3 65535
623000 9.281683 3 65535
623500 9.281683 3 65535
624000 9.281683 3 65535
624500 9.281683 3 65535
625000 9.281683 3 65535
625500 9.281683 3 65535
626000 9.281683 3 65535
626500 9.281683 3 65535
627000 9.281683 3 65535
627500 9.281683 3 65535
628000 9.281683 3 65535
628500 9.281683 3 65535
629000 9.281683 3 65535
629500 9.281683 3 65535
630000 9.281683 3 65535
630500 9.281683 3 65535
631000 9.281683 3 65535
631500 9.281683 3 65535
632000 9.281683 3 65535
632500 9.281683 3 65535
633000 9.281683 3 65535
633500 9.281683 3 65535
634000 9.281683 3 65535
634500 9.281683 3 65535
635000 9.281683 3 65535
635500 9.281683 3 65535
636000 9.281683 3 65535
636500 9.281683 3 65535
637000 9.281683 3 65535
637500 9.281683 3 65535
638000 9.281683 3 65535
638500 9.281683 3 65535
639000 9.281683 3 65535
639500 9.281683 3 65535
640000 9.281683 3 65535
640500 9.281683 3 65535
641000 9.281683 3 65535
641500 9.281683 3 65535
642000 9.281683 3 65535
642500 9.281683 3 65535
643000 9.281683 3 65535
643500 9.281683 3 65535
644000 9.281683 3 65535
644500 9.281683 3 65535
645000 9.281683 3 65535
645500 9.281683 3 65535
646000 9.281683 3 65535
646500 9.281683 3 65535
647000 9.281683 3 65535
647500 9.281683 3 65535
648000 9.281683 3 65535
648500 9.281683 3 65535
649000 9.281683 3 65535
649500 9.281683 3 65535
650000 9.281683 3 65535
650500 9.281683 3 65535
651000 9.281683 3 65535
651500 9.281683 3 65535
652000 9.281683 3 65535
652500 9.281683 3 65535
653000 9.281683 3 65535
653500 9.281683 3 65535
654000 9.281683 3 65535
654500 9.281683 3 65535
655000 9.281683 3 65535
655500 9.281683 3 65535
656000 9.281683 3 65535
656500 9.281683 3 65535
657000 9.281683 3 65535
657500 9.281683 3 65535
658000 9.281683 3 65535
658500 9.281683 3 65535
659000 9.281683 3 65535
659500 9.281683 3 65535
660000 9.281683 3 65535
660500 9.281683 3 65535
661000 9.281683 3 65535
661500 9.281683 3 65535
662000 9.281683 3 65535
662500 9.281683 3 65535
663000 9.281683 3 65535
663500 9.281683 3 65535
664000 9.281683 3 65535
664500 9.281683 3 65535
665000 9.281683 3 65535
665500 9.281683 3 65535
666000 9.281683 3 65535
666500 9.281683 3 65535
667000 9.281683 3 65535
667500 9.281683 3 65535
668000 9.281683 3 65535
668500 9.281683 3 65535
669000 9.281683 3 65535
669500 9.281683 3 65535
670000 9.281683 3 65535
670500 9.281683 3 65535
671000 9.281683 3 65535
671500 9.281683 3 65535
672000 9.281683 3 65535
672500 9.281683 3 65535
673000 9.281683 3 65535
673500 9.281683 3 65535
674000 9.281683 3 65535
674500 9.281683 3 65535
675000 9.281683 3 65535
675500 9.281683 3 65535
676000 9.281683 3 65535
676500 9.281683 3 65535
677000 9.281683 3 65535
677500 9.281683 3 65535
678000 9.281683 3 65535
678500 9.281683 3 65535
679000 9.281683 3 65535
679500 9.281683 3 65535
680000 9.281683 3 65535
680500 9.281683 3 65535
681000 9.281683 3 65535
681500 9.281683 3 65535
682000 9.281683 3 65535
682500 9.281683 3 65535
683000 9.281683 3 65535
683500 9.281683 3 65535
684000 9.281683 3 65535
684500 1.000000 4 65535
685000 1.000000 4 65535
685500 1.000000 4 65535
686000 1.000000 4 65535
686500 1.000000 4 65535
687000 1.000000 4 65535
687500 1.000000 4 65535
688000 1.000000 4 65535
688500 1.000000 4 65535
689000 1.000000 4 65535
689500 2.000000 4 65535
690000 2.000000 4 65535
690500 2.000000 4 65535
691000 2.000000 4 65535
691500 2.000000 4 65535
692000 2.000000 4 65535
692500 2.000000 4 65535
693000 2.000000 4 65535
693500 2.000000 4 65535
694000 2.000000 4 65535
694500 2.000000 4 65535
695000 2.000000 4 65535
695500 2.000000 4 65535
696000 2.000000 4 65535
696500 2.000000 4 65535
697000 2.000000 4 65535
697500 2.000000 4 65535
698000 2.000000 4 65535
698500 4.708245 4 65535
699000 4.708245 4 65535
699500 4.708245 4 65535
700000 4.708245 4 65535
700500 4.708245 4 65535
701000 4.708245 4 65535
701500 4.708245 4 65535
702000 4.708245 4 65535
702500 4.708245 4 65535
703000 4.708245 4 65535
703500 4.708245 4 65535
704000 4.708245 4 65535
704500 4.708245 4 65535
705000 4.708245 4 65535
705500 4.708245 4 65535
706000 4.708245 4 65535
706500 5.864408 4 65535
707000 5.864408 4 65535
707500 5.864408 4 65535
708000 5.864408 4 65535
708500 5.864408 4 65535
709000 5.864408 4 65535
709500 5.864408 4 65535
710000 5.864408 4 65535
710500 5.864408 4 65535
711000 5.864408 4 65535
711500 5.864408 4 65535
712000 5.864408 4 65535
712500 5.864408 4 65535
713000 5.864408 4 65535
713500 5.864408 4 65535
714000 5.864408 4 65535
714500 5.864408 4 65535
715000 5.864408 4 65535
715500 5.864408 4 65535
716000 5.864408 4 65535
716500 5.864408 4 65535
717000 5.864408 4 65535
717500 5.864408 4 65535
718000 5.864408 4 65535
718500 5.864408 4 65535
719000 5.864408 4 65535
719500 5.864408 4 65535
720000 5.864408 4 65535
720500 5.864408 4 65535
721000 5.864408 4 65535
721500 5.864408 4 65535
722000 5.864408 4 65535
722500 5.864408 4 65535
723000 5.864408 4 65535
723500 5.864408 4 65535
724000 5.864408 4 65535
724500 5.864408 4 65535
725000 5.864408 4 65535
725500 5.864408 4 65535
726000 5.864408 4 65535
726500 5.864408 4 65535
727000 5.864408 4 65535
727500 5.864408 4 65535
728000 5.864408 4 65535
728500 5.864408 4 65535
729000 5.864408 4 65535
729500 5.864408 4 65535
730000 5.864408 4 65535
730500 5.864408 4 65535
731000 5.864408 4 65535
731500 5.864408 4 65535
732000 5.864408 4 65535
732500 5.864408 4 65535
733000 5.864408 4 65535
733500 5.864408 4 65535
734000 5.864408 4 65535
734500 5.864408 4 65535
735000 5.864408 4 65535
735500 5.864408 4 65535
736000 5.864408 4 65535
736500 5.864408 4 65535
737000 5.864408 4 65535
737500 5.864408 4 65535
738000 5.864408 4 65535
738500 5.864408 4 65535
739000 5.864408 4 65535
739500 5.864408 4 65535
740000 5.864408 4 65535
740500 5.864408 4 65535
741000 5.864408 4 65535
741500 5.864408 4 65535
742000 5.864408 4 65535
742500 5.864408 4 65535
743000 5.864408 4 65535
743500 5.864408 4 65535
744000 5.864408 4 65535
744500 5.864408 4 65535
745000 5.864408 4 65535
745500 5.864408 4 65535
746000 5.864408 4 65535
746500 5.864408 4 65535
747000 5.864408 4 65535
747500 5.864408 4 65535
748000 5.864408 4 65535
748500 5.864408 4 65535
749000 5.864408 4 65535
749500 5.864408 4 65535
750000 5.864408 4 65535
750500 5.864408 4 65535
751000 5.864408 4 65535
751500 5.864408 4 65535
752000 5.864408 4 65535
752500 5.864408 4 65535
753000 5.864408 4 65535
753500 5.864408 4 65535
754000 5.864408 4 65535
754500 5.864408 4 65535
755000 5.864408 4 65535
755500 5.864408 4 65535
756000 5.864408 4 65535
756500 5.864408 4 65535
757000 5.864408 4 65535
757500 5.864408 4 65535
758000 5.864408 4 65535
758500 5.864408 4 65535
759000 5.864408 4 65535
759500 5.864408 4 65535
760000 5.864408 4 65535
760500 5.864408 4 65535
761000 5.864408 4 65535
761500 5.864408 4 65535
762000 5.864408 4 65535
762500 5.864408 4 65535
763000 5.864408 4 65535
763500 5.864408 4 65535
764000 5.864408 4 65535
764500 5.864408 4 65535
765000 5.864408 4 65535
765500 5.864408 4 65535
766000 5.864408 4 65535
766500 5.864408 4 65535
767000 5.864408 4 65535
767500 5.864408 4 65535
768000 5.864408 4 65535
768500 5.864408 4 65535
769000 5.864408 4 65535
769500 5.864408 4 65535
770000 5.864408 4 65535
770500 5.864408 4 65535
771000 5.864408 4 65535
771500 5.864408 4 65535
772000 5.864408 4 65535
772500 5.864408 4 65535
773000 5.864408 4 65535
773500 5.864408 4 65535
774000 5.864408 4 65535
774500 5.864408 4 65535
775000 5.864408 4 65535
775500 5.864408 4 65535
776000 5.864408 4 65535
776500 5.864408 4 65535
777000 5.864408 4 65535
777500 5.864408 4 65535
778000 5.864408 4 65535
778500 5.864408 4 65535
779000 5.864408 4 65535
779500 5.864408 4 65535
780000 5.864408 4 65535
780500 5.864408 4 65535
781000 5.864408 4 65535
781500 5.864408 4 65535
782000 5.864408 4 65535
782500 5.864408 4 65535
783000 5.864408 4 65535
783500 5.864408 4 65535
784000 5.864408 4 65535
784500 5.864408 4 65535
785000 1.000000 2 65535
785500 1.000000 2 65535
786000 1.000000 2 65535
786500 1.000000 2 65535
787000 1.000000 2 65535
787500 1.000000 2 65535
788000 1.000000 2 65535
788500 1.000000 2 65535
789000 1.000000 2 65535
789500 1.000000 2 65535
790000 1.000000 2 65535
790500 1.000000 2 65535
791000 2.000000 2 65535
791500 2.000000 2 65535
792000 2.000000 2 65535
792500 2.000000 2 65535
793000 2.000000 2 65535
793500 2.000000 2 65535
794000 2.000000 2 65535
794500 2.000000 2 65535
795000 2.000000 2 65535
795500 2.000000 2 65535
796000 2.000000 2 65535
796500 2.000000 2 65535
797000 2.000000 2 65535
797500 2.000000 2 65535
798000 2.000000 2 65535
798500 2.000000 2 65535
799000 2.000000 2 65535
799500 2.000000 2 65535
800000 2.000000 2 65535
800500 4.339440 2 65535
801000 4.339440 2 65535
801500 4.339440 2 65535
802000 4.339440 2 65535
802500 4.339440 2 65535
803000 4.339440 2 65535
803500 4.339440 2 65535
804000 4.339440 2 65535
804500 4.339440 2 65535
805000 4.339440 2 65535
805500 4.339440 2 65535
806000 4.339440 2 65535
806500 4.339440 2 65535
807000 5.754909 2 65535
807500 5.754909 2 65535
808000 5.754909 2 65535
808500 5.754909 2 65535
809000 5.754909 2 65535
809500 5.754909 2 65535
810000 5.754909 2 65535
810500 5.754909 2 65535
811000 5.754909 2 65535
811500 5.754909 2 65535
812000 5.754909 2 65535
812500 5.754909 2 65535
813000 5.928673 2 65535
813500 6.261351 2 65535
814000 6.261351 2 65535
814500 6.261351 2 65535
815000 6.261351 2 65535
815500 6.261351 2 65535
816000 6.261351 2 65535
816500 6.261351 2 65535
817000 6.261351 2 65535
817500 6.261351 2 65535
818000 6.261351 2 65535
818500 6.261351 2 65535
819000 6.576798 2 65535
819500 6.576798 2 65535
820000 6.576798 2 65535
820500 6.576798 2 65535
821000 6.576798 2 65535
821500 6.576798 2 65535
822000 6.576798 2 65535
822500 6.576798 2 65535
823000 6.576798 2 65535
823500 6.576798 2 65535
824000 6.576798 2 65535
824500 6.576798 2 65535
825000 6.576798 2 65535
825500 6.576798 2 65535
826000 6.877461 2 65535
826500 6.877461 2 65535
827000 6.877461 2 65535
827500 6.877461 2 65535
828000 6.877461 2 65535
828500 6.877461 2 65535
829000 6.877461 2 65535
829500 6.877461 2 65535
830000 6.877461 2 65535
830500 6.877461 2 65535
831000 6.877461 2 65535
831500 6.877461 2 65535
832000 6.877461 2 65535
832500 7.165256 2 65535
833000 7.165256 2 65535
833500 7.165256 2 65535
834000 7.165256 2 65535
834500 7.165256 2 65535
835000 7.165256 2 65535
835500 7.165256 2 65535
836000 7.165256 2 65535
836500 7.165256 2 65535
837000 7.165256 2 65535
837500 7.165256 2 65535
838000 7.165256 2 65535
838500 7.165256 2 65535
839000 7.441714 2 65535
839500 7.441714 2 65535
840000 7.441714 2 65535
840500 7.441714 2 65535
841000 7.441714 2 65535
841500 7.441714 2 65535
842000 7.441714 2 65535
842500 7.441714 2 65535
843000 7.441714 2 65535
843500 7.441714 2 65535
844000 7.441714 2 65535
844500 7.441714 2 65535
845000 7.441714 2 65535
845500 7.441714 2 65535
846000 7.441714 2 65535
846500 7.441714 2 65535
847000 7.441714 2 65535
847500 7.708086 2 65535
848000 7.708086 2 65535
848500 7.708086 2 65535
849000 7.708086 2 65535
849500 7.708086 2 65535
850000 7.708086 2 65535
850500 7.708086 2 65535
851000 7.708086 2 65535
851500 7.708086 2 65535
852000 7.708086 2 65535
852500 7.708086 2 65535
853000 7.708086 2 65535
853500 7.708086 2 65535
854000 7.708086 2 65535
854500 7.708086 2 65535
855000 7.708086 2 65535
855500 7.708086 2 65535
856000 7.708086 2 65535
856500 7.708086 2 65535
857000 7.708086 2 65535
857500 7.708086 2 65535
858000 7.708086 2 65535
858500 7.708086 2 65535
859000 7.708086 2 65535
859500 7.965406 2 65535
860000 7.965406 2 65535
860500 7.965406 2 65535
861000 7.965406 2 65535
861500 7.965406 2 65535
862000 7.965406 2 65535
862500 7.965406 2 65535
863000 7.965406 2 65535
863500 7.965406 2 65535
864000 7.965406 2 65535
864500 7.965406 2 65535
865000 7.965406 2 65535
865500 7.965406 2 65535
866000 7.965406 2 65535
866500 7.965406 2 65535
867000 7.965406 2 65535
867500 7.965406 2 65535
868000 7.965406 2 65535
868500 7.965406 2 65535
869000 7.965406 2 65535
869500 8.214544 2 65535
870000 8.214544 2 65535
870500 8.214544 2 65535
871000 8.214544 2 65535
871500 8.214544 2 65535
872000 8.214544 2 65535
872500 8.214544 2 65535
873000 8.214544 2 65535
873500 8.214544 2 65535
874000 8.214544 2 65535
874500 8.214544 2 65535
875000 8.214544 2 65535
875500 8.214544 2 65535
876000 8.214544 2 65535
876500 8.214544 2 65535
877000 8.214544 2 65535
877500 8.214544 2 65535
878000 8.214544 2 65535
878500 8.214544 2 65535
879000 8.214544 2 65535
879500 8.214544 2 65535
880000 10.000000 4 65535
880500 10.000000 4 65535
881000 10.000000 4 65535
881500 10.000000 4 65535
882000 10.000000 4 65535
882500 10.000000 4 65535
883000 10.000000 4 65535
883500 10.000000 4 65535
884000 10.000000 4 65535
884500 10.000000 4 65535
885000 10.000000 4 65535
885500 10.000000 4 65535
886000 10.000000 4 65535
886500 10.000000 4 65535
887000 10.000000 4 65535
887500 10.000000 4 65535
888000 10.000000 4 65535
888500 10.000000 4 65535
889000 10.000000 4 65535
889500 10.000000 4 65535
890000 10.000000 4 65535
890500 10.000000 4 65535
891000 10.000000 4 65535
891500 10.000000 4 65535
892000 10.000000 4 65535
892500 10.000000 4 65535
893000 10.000000 4 65535
893500 10.000000 4 65535
894000 10.000000 4 65535
894500 10.000000 4 65535
895000 10.000000 4 65535
895500 10.000000 4 65535
896000 10.000000 4 65535
896500 10.000000 4 65535
897000 10.000000 4 65535
897500 10.000000 4 65535
898000 10.100000 4 65535
898500 10.100000 4 65535
899000 10.100000 4 65535
899500 10.199010 4 65535
900000 10.199010 4 65535
900500 10.199010 4 65535
901000 10.199010 4 65535
901500 10.199010 4 65535
902000 10.199010 4 65535
902500 10.199010 4 65535
903000 10.199010 4 65535
903500 10.199010 4 65535
904000 10.199010 4 65535
904500 10.199010 4 65535
905000 10.199010 4 65535
905500 10.199010 4 65535
906000 10.199010 4 65535
906500 10.199010 4 65535
907000 10.199010 4 65535
907500 10.199010 4 65535
908000 10.199010 4 65535
908500 10.199010 4 65535
909000 10.199010 4 65535
909500 10.199010 4 65535
910000 10.394175 4 65535
910500 10.394175 4 65535
911000 10.394175 4 65535
911500 10.394175 4 65535
912000 10.394175 4 65535
912500 10.394175 4 65535
913000 10.394175 4 65535
913500 10.394175 4 65535
914000 10.394175 4 65535
914500 10.394175 4 65535
915000 10.394175 4 65535
915500 10.394175 4 65535
916000 10.394175 4 65535
916500 10.394175 4 65535
917000 10.394175 4 65535
917500 10.394175 4 65535
918000 10.394175 4 65535
918500 10.394175 4 65535
919000 10.394175 4 65535
919500 10.394175 4 65535
920000 10.585708 4 65535
920500 10.585708 4 65535
921000 10.585708 4 65535
921500 10.585708 4 65535
922000 10.585708 4 65535
922500 10.585708 4 65535
923000 10.585708 4 65535
923500 10.585708 4 65535
924000 10.585708 4 65535
924500 10.585708 4 65535
925000 10.585708 4 65535
925500 10.585708 4 65535
926000 10.585708 4 65535
926500 10.585708 4 65535
927000 10.585708 4 65535
927500 10.585708 4 65535
928000 10.773807 4 65535
928500 10.773807 4 65535
929000 10.773807 4 65535
929500 10.773807 4 65535
930000 10.773807 4 65535
930500 10.773807 4 65535
931000 10.773807 4 65535
931500 10.773807 4 65535
932000 10.773807 4 65535
932500 10.773807 4 65535
933000 10.773807 4 65535
933500 10.866624 4 65535
934000 11.049901 4 65535
934500 11.049901 4 65535
935000 11.049901 4 65535
935500 11.049901 4 65535
936000 11.049901 4 65535
936500 11.049901 4 65535
937000 11.049901 4 65535
937500 11.049901 4 65535
938000 11.049901 4 65535
938500 11.049901 4 65535
939000 11.049901 4 65535
939500 11.049901 4 65535
940000 11.049901 4 65535
940500 11.049901 4 65535
941000 11.049901 4 65535
941500 11.049901 4 65535
942000 11.049901 4 65535
942500 11.049901 4 65535
943000 11.049901 4 65535
943500 11.049901 4 65535
944000 11.049901 4 65535
944500 11.049901 4 65535
945000 11.049901 4 65535
945500 11.049901 4 65535
946000 11.049901 4 65535
946500 11.049901 4 65535
947000 11.049901 4 65535
947500 11.049901 4 65535
948000 11.049901 4 65535
948500 11.049901 4 65535
949000 11.049901 4 65535
949500 11.049901 4 65535
950000 11.049901 4 65535
950500 11.049901 4 65535
951000 11.049901 4 65535
951500 11.049901 4 65535
952000 11.049901 4 65535
952500 11.049901 4 65535
953000 11.049901 4 65535
953500 11.049901 4 65535
954000 11.049901 4 65535
954500 11.049901 4 65535
955000 11.049901 4 65535
955500 11.049901 4 65535
956000 11.049901 4 65535
956500 11.049901 4 65535
957000 11.049901 4 65535
957500 11.049901 4 65535
958000 11.049901 4 65535
958500 11.049901 4 65535
959000 11.049901 4 65535
959500 11.049901 4 65535
960000 11.049901 4 65535
960500 11.049901 4 65535
961000 11.049901 4 65535
961500 11.049901 4 65535
962000 11.049901 4 65535
962500 11.049901 4 65535
963000 11.049901 4 65535
963500 11.049901 4 65535
964000 11.049901 4 65535
964500 11.049901 4 65535
965000 11.049901 4 65535
965500 11.049901 4 65535
966000 11.049901 4 65535
966500 11.049901 4 65535
967000 11.049901 4 65535
967500 11.049901 4 65535
968000 11.049901 4 65535
968500 11.049901 4 65535
969000 11.049901 4 65535
969500 11.049901 4 65535
970000 11.049901 4 65535
970500 11.049901 4 65535
971000 11.049901 4 65535
971500 11.049901 4 65535
972000 11.049901 4 65535
972500 11.049901 4 65535
973000 11.049901 4 65535
973500 11.049901 4 65535
974000 11.049901 4 65535
974500 11.049901 4 65535
975000 11.049901 4 65535
975500 11.049901 4 65535
976000 11.049901 4 65535
976500 11.049901 4 65535
977000 11.049901 4 65535
977500 11.049901 4 65535
978000 11.049901 4 65535
978500 11.049901 4 65535
979000 11.049901 4 65535
979500 11.049901 4 65535
980000 11.049901 4 65535
980500 11.049901 4 65535
981000 11.049901 4 65535
981500 11.049901 4 65535
982000 11.049901 4 65535
982500 11.049901 4 65535
983000 11.049901 4 65535
983500 11.049901 4 65535
984000 11.049901 4 65535
984500 11.049901 4 65535
985000 11.049901 4 65535
985500 11.049901 4 65535
986000 11.049901 4 65535
986500 11.049901 4 65535
987000 11.049901 4 65535
987500 11.049901 4 65535
988000 11.049901 4 65535
988500 11.049901 4 65535
989000 11.049901 4 65535
989500 11.049901 4 65535
990000 11.049901 4 65535
990500 11.049901 4 65535
991000 11.049901 4 65535
991500 1.000000 5 65535
992000 1.000000 5 65535
992500 1.000000 5 65535
993000 1.000000 5 65535
993500 1.000000 5 65535
994000 1.000000 5 65535
994500 1.000000 5 65535
995000 1.000000 5 65535
995500 1.000000 5 65535
996000 1.000000 5 65535
996500 1.000000 5 65535
997000 1.000000 5 65535
997500 1.000000 5 65535
998000 1.000000 5 65535
998500 1.000000 5 65535
999000 1.000000 5 65535
999500 1.000000 5 65535
1000000 1.000000 5 65535
